1 1
2 2
3 2
4 3
5 3
6 4
7 4
8 4
9 5
10 5
11 5
12 6
13 6
14 6
15 6
16 7
17 7
18 7
19 7
20 8
21 8
22 8
23 8
24 9
25 9
26 9
27 9
28 9
29 10
30 10
31 10
32 10
33 10
34 11
35 11
36 11
37 11
38 11
39 12
40 12
41 12
42 12
43 12
44 12
45 13
46 13
47 13
48 13
49 13
50 13
51 14
52 14
53 14
54 14
55 14
56 14
57 15
58 15
59 15
60 15
61 15
62 15
63 16
64 16
65 16
66 16
67 16
68 16
69 16
70 17
71 17
72 17
73 17
74 17
75 17
76 17
77 18
78 18
79 18
80 18
81 18
82 18
83 18
84 19
85 19
86 19
87 19
88 19
89 19
90 19
91 20
92 20
93 20
94 20
95 20
96 20
97 20
98 20
99 21
100 21
101 21
102 21
103 21
104 21
105 21
106 21
107 22
108 22
109 22
110 22
111 22
112 22
113 22
114 22
115 23
116 23
117 23
118 23
119 23
120 23
121 23
122 23
123 24
124 24
125 24
126 24
127 24
128 25
129 24
130 24
131 24
132 25
133 25
134 25
135 25
136 25
137 25
138 25
139 25
140 25
141 26
142 26
143 1
