1 
94 
60 40 67 66 72 25 33 75 84 11 46 45 24 59 45 59 43 42 59 1 12 8 53 26 56 21 67 41 29 93 71 41 11 25 6 41 2 58 87 22 71 74 88 17 83 81 61 23 88 18 43 31 45 4 14 44 19 19 29 15 31 36 14 29 64 25 67 31 32 29 8 78 74 92 61 83 19 66 87 93 76 53 35 40 73 86 88 8 64 8 76 83 34 12 
68 85 57 85 54 25 3 79 38 73 11 33 21 31 49 25 51 75 46 38 48 71 17 51 81 44 89 44 93 2 90 65 34 61 23 8 65 7 44 77 80 75 18 67 41 5 34 8 53 5 65 41 91 30 44 24 69 52 22 32 69 35 40 32 1 14 9 7 3 1 24 16 43 12 19 9 75 12 23 85 40 66 62 7 5 57 16 32 73 56 68 21 59 82 
70 79 10 26 79 58 36 36 54 62 49 24 36 56 90 14 9 75 84 21 71 51 7 48 37 9 13 16 35 48 33 37 37 18 41 11 35 18 74 28 30 87 45 61 56 70 64 63 7 45 38 15 67 8 36 20 6 26 40 2 5 20 1 60 94 51 83 10 90 76 6 85 36 64 22 60 41 1 24 4 73 2 19 45 28 6 89 64 57 36 71 43 23 33 
50 14 39 19 74 2 30 59 3 52 60 72 14 90 88 24 18 69 91 25 65 33 77 57 80 32 91 48 54 34 34 66 12 75 66 38 84 30 56 10 88 24 69 54 27 31 19 6 30 77 31 13 38 2 34 33 65 86 48 76 12 2 2 29 82 48 11 62 62 48 58 5 25 11 74 39 7 70 36 15 59 63 45 42 70 35 32 53 6 85 91 58 76 82 
43 13 70 18 61 7 58 1 4 46 91 12 92 79 24 75 62 28 55 9 42 52 49 60 8 52 17 67 61 24 34 22 9 67 82 23 5 49 65 75 68 42 76 31 8 16 28 37 52 77 3 82 19 72 42 72 44 88 24 86 21 85 33 1 73 82 12 26 49 68 65 38 62 75 86 69 75 39 48 51 24 26 76 30 11 88 16 86 93 87 12 10 41 87 
86 32 87 77 27 73 54 52 84 15 88 34 24 88 15 63 41 40 58 87 25 72 35 43 78 33 55 11 44 55 83 67 9 41 32 29 39 48 13 52 64 34 74 22 76 42 83 5 35 83 87 29 93 71 21 58 86 5 94 55 74 71 84 7 60 93 76 89 28 7 38 22 32 91 23 2 33 68 91 56 87 1 91 84 30 87 65 35 49 11 37 41 46 80 
35 54 61 39 80 28 39 56 88 27 7 20 46 78 40 9 16 19 14 52 60 87 16 1 67 57 68 54 13 79 10 29 40 79 55 37 43 7 36 54 86 9 44 55 88 3 48 71 12 7 49 48 4 91 59 76 25 33 49 13 16 47 33 82 41 86 22 21 49 1 56 16 22 16 81 44 72 93 1 58 27 52 78 91 31 86 16 36 35 16 50 10 94 27 
1 49 15 56 14 77 62 58 8 77 81 10 27 6 85 88 11 21 22 34 81 15 33 90 24 66 93 94 5 14 9 5 75 14 80 21 37 92 49 87 83 5 10 79 14 76 17 52 83 34 50 60 90 14 47 52 30 68 89 20 70 5 18 81 49 20 77 27 61 54 74 21 16 59 83 30 25 23 87 15 77 51 15 94 86 74 55 25 15 9 21 12 40 39 
79 90 14 44 30 66 29 84 55 59 68 52 47 59 66 43 76 81 25 78 58 86 6 56 80 75 57 91 34 47 34 65 42 73 89 5 54 81 7 80 64 44 89 61 34 34 4 56 19 24 43 40 43 47 42 75 19 70 26 39 33 67 76 2 75 67 24 6 62 17 71 9 11 24 80 88 5 6 80 69 41 11 23 26 54 88 28 70 21 53 44 4 15 90 
37 28 75 2 71 54 85 86 36 23 30 22 45 68 84 74 20 93 73 9 36 69 58 7 73 64 14 27 80 24 55 83 60 67 73 68 21 18 11 53 77 28 5 52 19 18 10 67 71 70 72 85 36 76 46 33 43 41 75 51 75 23 82 24 60 10 62 78 49 69 55 53 57 30 33 8 69 1 65 69 82 92 51 58 4 3 83 78 50 78 20 11 54 12 
3 82 69 57 8 91 81 64 45 66 9 27 90 20 56 33 68 19 83 91 53 72 26 46 94 81 57 78 61 33 34 60 55 39 81 85 74 16 82 20 36 7 40 16 88 27 87 26 73 13 41 12 46 1 10 88 88 32 78 8 74 82 42 67 33 55 46 87 55 4 41 91 9 74 53 48 90 34 51 4 20 21 26 71 30 84 26 26 92 52 15 20 12 23 
42 59 93 14 48 69 60 40 87 6 52 7 39 90 90 89 74 75 47 40 1 15 17 94 24 6 44 12 73 3 89 87 2 39 73 56 3 23 39 65 44 55 73 16 61 79 41 93 75 2 60 8 5 23 38 60 13 34 32 65 52 64 58 86 13 78 74 68 89 55 44 45 39 28 59 12 17 24 40 39 20 34 16 68 23 50 92 85 24 42 38 18 31 15 
4 9 44 12 79 3 33 2 33 34 14 66 93 45 57 15 46 65 91 49 8 25 47 40 53 47 91 88 60 88 8 34 64 94 84 43 32 2 18 74 28 12 62 38 93 94 77 35 6 34 84 41 30 63 1 48 46 61 87 31 32 55 40 87 52 36 18 16 28 43 78 40 54 84 42 41 59 21 8 78 19 90 26 90 40 54 23 33 48 33 27 77 29 60 
2 82 25 52 51 44 10 50 67 85 52 17 31 39 80 43 66 64 23 6 35 45 64 91 25 27 10 70 87 80 56 1 26 69 90 32 13 85 57 71 78 59 73 55 43 27 67 85 66 1 79 42 87 46 54 9 55 43 76 65 46 1 68 33 41 10 34 10 53 16 21 19 75 31 33 42 36 73 74 43 37 92 9 40 63 78 94 90 51 22 69 76 93 71 
68 51 71 9 3 36 61 49 4 28 70 22 73 28 26 8 93 66 15 22 62 75 72 75 11 57 91 75 67 80 47 39 83 25 22 79 48 14 94 1 77 78 3 75 31 91 56 30 35 85 6 88 78 88 41 50 56 72 48 12 50 38 5 2 24 10 46 56 32 38 37 68 59 6 42 50 44 50 87 94 81 93 60 12 21 11 1 83 23 8 21 63 55 73 
70 24 11 21 48 87 67 50 90 22 29 64 3 27 72 84 60 66 29 64 5 41 85 63 78 29 18 19 38 32 31 21 2 37 33 9 86 91 13 56 22 16 33 50 35 60 49 27 87 33 14 71 15 78 73 7 41 4 51 3 81 25 43 60 64 41 42 36 18 25 90 89 18 47 91 81 26 16 90 44 63 50 3 1 34 66 67 72 75 78 81 64 56 61 
85 48 56 14 92 81 63 26 72 28 28 3 57 21 45 36 2 60 6 1 62 38 41 27 67 44 62 17 49 66 68 93 62 55 71 25 45 69 87 71 20 15 61 52 74 49 71 10 79 34 13 74 68 80 93 39 69 78 48 32 22 20 93 18 67 5 40 69 25 27 14 28 18 45 92 62 78 94 41 30 1 69 54 5 91 55 19 41 35 64 84 75 69 18 
18 69 41 63 92 22 34 56 8 4 83 57 67 48 73 53 36 56 46 55 48 14 83 13 80 69 32 8 94 55 17 92 44 40 29 94 25 76 16 40 73 63 78 76 63 54 61 29 3 15 45 63 41 81 77 39 2 73 65 28 59 66 88 9 83 37 17 94 63 21 5 16 40 27 84 67 48 32 64 42 57 14 50 7 21 13 66 37 54 20 75 18 25 7 
37 90 30 21 83 16 62 5 37 33 10 82 49 78 61 12 47 27 35 80 56 74 94 87 40 67 12 76 3 48 56 32 75 75 16 10 17 58 49 61 70 17 84 60 65 12 14 72 79 94 75 40 75 78 39 23 92 52 16 25 69 76 5 9 75 29 45 91 53 62 38 81 75 40 61 63 11 67 35 78 10 33 50 18 64 78 57 76 61 70 34 39 92 82 
11 67 41 12 30 2 18 94 6 34 79 8 22 1 81 41 72 92 23 73 78 25 84 36 38 46 27 81 72 60 78 6 73 84 40 45 9 28 70 78 63 45 89 56 87 52 21 59 84 30 92 15 94 77 40 32 35 93 34 66 19 54 86 77 3 73 15 55 68 26 20 61 80 54 57 13 67 68 33 45 46 67 72 28 12 68 87 17 67 90 42 83 71 45 
76 83 46 57 76 29 71 86 54 59 9 30 41 26 84 88 34 43 6 75 91 64 58 79 77 92 54 11 70 41 24 81 86 50 24 45 79 76 51 89 90 6 35 92 26 29 48 51 11 91 7 11 45 83 62 75 93 28 10 26 65 25 29 77 74 71 88 7 28 92 46 44 39 53 64 16 11 31 51 25 6 44 6 83 56 84 47 33 82 93 87 52 3 35 
1 1 40 77 3 77 30 22 61 41 84 66 88 28 36 88 48 11 2 71 41 2 50 88 84 12 6 71 81 66 92 77 61 62 89 75 73 44 59 83 76 56 16 90 31 83 84 81 49 30 16 86 89 54 63 29 88 33 38 41 92 4 80 42 11 5 26 10 93 31 8 17 60 82 7 25 67 83 75 75 17 81 54 76 11 92 27 47 55 57 5 60 29 28 
26 76 46 19 18 37 57 7 48 7 54 4 89 33 10 78 4 51 29 9 10 17 69 42 66 52 58 70 11 17 54 20 48 83 79 59 71 43 5 29 79 17 1 6 74 66 44 90 83 44 15 36 13 81 8 38 60 25 83 79 7 59 85 18 50 31 90 54 52 16 6 64 62 56 10 25 23 89 43 30 17 10 26 66 56 47 63 69 27 72 79 47 87 23 
28 32 76 15 84 58 29 69 49 60 14 54 84 16 4 89 4 61 22 77 10 60 31 24 57 59 64 42 84 27 14 70 50 18 20 15 34 65 31 15 39 62 59 47 79 12 92 53 77 24 15 40 49 31 15 93 10 55 30 25 15 6 88 41 76 89 87 46 84 4 50 18 52 75 70 45 61 85 33 90 52 2 26 24 26 92 12 49 33 93 31 86 25 24 
56 21 76 22 27 24 56 50 16 31 56 71 13 57 87 45 46 80 77 12 83 8 72 20 92 35 81 78 63 27 60 44 30 90 32 58 71 81 67 38 46 24 20 62 26 63 92 94 9 60 67 51 53 5 88 56 16 34 60 42 68 54 7 64 83 80 73 12 11 85 13 37 39 87 14 38 56 24 68 60 37 2 60 10 24 58 78 34 51 9 83 31 78 15 
10 34 90 46 12 33 92 80 34 54 89 23 55 34 83 21 1 63 93 60 80 90 43 69 19 3 63 72 48 43 12 26 42 83 1 49 79 28 63 13 46 68 78 32 93 40 64 18 2 56 32 14 32 1 63 58 94 41 63 35 42 21 62 62 90 26 43 40 46 5 74 10 32 53 72 61 77 55 49 85 47 22 53 36 42 69 26 36 68 48 69 8 72 46 
85 19 57 14 9 9 30 71 94 17 63 55 1 16 52 47 73 73 64 33 12 67 9 23 12 68 84 36 87 19 91 18 18 60 9 62 90 10 74 82 58 53 58 54 69 25 20 85 61 94 34 78 48 8 89 67 41 59 68 92 8 75 3 30 3 53 26 77 81 10 64 49 48 60 33 23 88 65 20 27 51 27 2 88 5 85 4 51 44 43 6 41 30 8 
13 21 81 79 30 73 94 31 28 58 33 22 4 74 30 19 66 34 55 88 49 26 38 1 14 57 86 13 27 18 26 91 25 43 48 44 24 9 10 22 47 75 20 89 90 39 20 76 2 3 92 26 38 6 79 91 75 12 24 77 64 62 44 9 5 19 88 26 55 33 23 11 33 24 81 62 39 60 45 62 55 65 23 2 80 69 30 18 33 34 87 83 93 54 
50 41 39 6 90 19 68 48 15 24 45 2 60 22 73 80 62 50 16 64 22 5 37 3 89 60 10 86 91 69 87 74 10 35 73 19 23 63 57 78 29 7 28 32 2 13 68 19 7 68 41 89 88 50 36 68 94 19 31 18 81 34 77 47 66 92 70 47 56 42 44 92 60 9 69 76 5 17 30 54 1 84 24 68 92 77 12 39 58 39 92 55 46 62 
27 78 43 6 46 41 66 20 84 76 14 47 67 85 38 30 73 28 26 85 36 7 25 10 45 83 87 66 40 94 8 65 73 24 60 66 55 62 44 18 8 94 24 93 36 73 77 78 64 62 21 20 74 18 5 27 52 63 92 87 92 34 20 49 45 50 74 29 34 88 30 2 63 51 67 89 14 86 21 82 16 86 10 49 4 35 93 39 79 39 87 51 12 47 
76 20 45 65 53 14 26 28 90 1 62 11 40 4 71 22 46 40 76 12 42 35 64 91 62 38 66 15 77 13 45 43 15 22 6 79 74 64 13 52 79 55 68 1 90 31 20 18 26 82 94 31 64 17 32 46 65 17 21 83 6 45 46 69 31 40 55 81 75 86 72 82 71 76 14 3 40 31 74 52 17 22 17 7 69 1 12 4 13 37 94 15 5 28 
74 84 16 5 38 84 43 92 35 90 77 86 35 88 86 6 15 29 14 32 53 54 69 58 77 65 79 6 69 19 10 52 23 13 2 19 12 87 28 36 37 18 37 85 49 76 57 72 77 46 73 68 48 68 42 4 83 5 6 7 89 61 23 9 32 73 65 16 32 24 48 50 36 41 24 78 94 71 81 18 20 16 16 45 36 81 49 11 21 9 50 64 82 10 
55 31 70 16 25 85 33 41 26 55 93 76 44 28 59 73 56 53 62 1 20 80 61 63 57 62 91 53 89 25 87 47 39 37 41 89 4 49 24 93 2 65 1 51 67 51 73 6 36 11 58 18 27 26 74 16 42 55 27 20 62 71 66 64 4 48 53 23 86 75 74 57 35 68 3 10 13 79 4 41 32 50 32 88 4 87 28 11 90 89 70 94 1 94 
22 69 14 51 94 23 12 82 34 84 7 7 87 56 23 87 60 74 52 70 16 79 36 3 9 4 28 35 25 1 36 80 65 23 8 33 74 65 36 63 13 37 21 68 9 32 67 47 43 22 67 4 14 33 58 75 27 8 23 54 68 68 2 88 13 45 58 75 57 62 30 51 60 52 88 51 24 43 84 70 21 94 19 31 11 43 65 53 70 27 42 32 64 70 
85 89 88 59 53 69 46 2 93 70 16 40 34 11 2 32 41 1 92 5 62 62 22 80 8 73 13 65 83 92 56 13 78 16 4 34 26 47 17 64 92 41 74 94 35 61 54 31 80 1 51 9 40 49 11 45 79 90 45 48 57 70 59 35 60 37 54 94 26 37 16 51 76 94 30 40 12 88 86 20 65 6 22 92 86 81 15 85 86 66 19 37 38 37 
55 18 80 72 26 40 78 10 14 9 14 12 42 2 64 69 8 92 4 9 91 68 90 55 86 36 18 34 73 46 77 44 28 1 93 67 19 37 25 4 10 73 39 42 73 54 17 3 88 2 23 13 42 28 69 14 17 32 26 82 23 68 57 55 48 32 88 67 29 2 27 84 85 33 67 63 66 40 58 51 7 35 9 39 25 73 85 64 28 67 27 48 91 74 
14 53 45 90 72 54 52 13 14 51 43 69 67 90 12 63 25 77 69 77 51 80 63 74 41 87 89 10 86 43 67 92 13 15 72 31 44 16 31 19 88 61 37 84 29 24 24 32 55 48 59 90 67 58 73 24 6 39 47 49 65 72 18 79 48 47 47 3 32 90 60 39 9 18 87 84 7 19 32 28 61 3 58 57 33 76 82 65 44 47 77 30 20 9 
57 36 78 11 81 13 86 48 91 11 16 87 57 32 19 88 23 73 71 81 82 23 12 14 36 17 6 57 35 21 91 73 94 66 87 20 64 92 12 71 19 85 38 18 71 28 77 21 74 37 31 60 55 23 52 33 25 8 69 43 78 55 4 75 70 61 48 92 79 30 23 19 34 67 24 61 11 63 75 59 64 6 16 1 1 65 68 46 2 60 40 36 41 67 
2 19 55 93 19 9 68 75 61 6 91 55 36 79 53 23 22 73 15 24 69 38 36 47 16 87 9 59 28 10 40 48 34 3 43 15 41 15 37 7 80 80 40 22 2 50 33 21 71 75 3 26 5 82 79 56 37 40 8 66 74 92 65 36 7 25 85 93 7 93 25 43 10 57 88 81 79 1 48 34 38 76 26 84 85 17 84 26 91 58 6 58 90 21 
89 93 88 44 47 25 16 77 82 41 18 92 16 90 83 68 63 41 86 87 38 66 50 78 73 93 76 83 15 70 94 10 5 66 5 15 62 69 70 41 3 57 18 27 71 77 64 54 27 60 62 31 34 48 46 80 58 14 33 94 89 59 5 59 17 57 92 5 73 78 56 89 28 68 51 92 57 16 83 85 88 7 40 62 31 38 39 74 79 57 23 60 72 94 
36 89 72 11 23 14 23 38 60 91 69 39 24 45 81 61 75 5 15 76 30 50 81 75 88 46 77 6 49 30 87 20 14 82 23 27 70 6 56 10 52 41 74 88 76 45 11 65 10 91 24 53 31 85 87 76 30 69 11 84 60 49 24 5 47 81 87 90 75 7 55 3 48 46 22 81 16 62 79 45 74 38 27 11 10 29 81 50 64 20 92 91 49 90 
80 31 18 32 27 57 75 46 88 57 27 13 3 46 2 11 86 84 78 44 6 17 21 53 44 51 65 90 56 90 78 37 67 87 14 28 1 13 75 6 71 27 81 78 85 41 62 32 48 60 66 12 52 94 61 54 49 19 45 38 84 55 61 62 27 23 35 53 37 91 55 37 39 24 70 94 56 45 90 78 43 80 37 8 93 44 71 72 47 35 16 44 27 18 
32 88 15 75 12 37 59 89 26 36 64 12 23 64 56 39 78 39 10 65 5 93 24 45 23 51 20 87 65 48 34 90 3 92 44 45 71 58 31 2 25 7 41 83 56 21 44 93 28 52 51 68 55 43 56 48 49 20 83 14 57 67 1 72 9 34 43 48 23 81 3 39 31 58 19 9 38 9 29 8 66 32 46 46 68 39 44 81 88 61 85 83 13 60 
91 87 87 84 55 18 75 22 63 25 31 57 92 3 69 54 82 57 10 61 65 40 39 35 81 48 5 82 53 46 81 63 93 32 2 38 54 46 66 41 68 59 22 50 94 25 50 37 18 7 80 38 44 58 28 28 68 78 63 65 36 65 79 38 5 80 27 80 70 14 67 12 1 61 16 57 67 42 94 14 34 65 58 47 33 11 65 54 38 35 38 92 88 47 
19 81 75 36 18 66 11 15 2 90 56 53 16 64 62 82 9 64 56 88 14 93 4 72 54 83 14 86 88 17 26 30 39 42 66 5 36 11 75 48 60 1 77 35 38 60 75 9 64 70 61 85 94 39 92 46 72 27 49 10 9 61 48 70 49 69 82 43 73 47 65 20 44 28 52 93 54 5 56 51 88 61 79 56 34 5 27 91 70 50 17 81 73 70 
60 85 5 13 40 90 33 8 8 59 45 23 2 53 52 69 41 35 54 83 35 64 71 37 18 6 75 26 69 67 44 17 47 6 34 69 82 17 73 15 31 33 87 87 38 35 9 25 37 65 74 45 49 92 10 66 64 94 82 48 35 50 25 63 81 53 70 52 48 93 67 61 33 11 28 1 71 8 57 29 40 8 36 54 51 82 77 6 59 16 94 65 51 52 
52 54 46 9 40 23 83 83 50 56 32 30 70 34 29 15 29 60 93 3 35 15 5 30 33 68 13 68 50 30 35 35 61 73 12 35 91 51 46 27 86 60 11 32 71 87 15 33 4 89 88 81 80 7 76 23 59 83 11 57 46 85 48 58 82 66 3 77 39 87 93 63 84 2 10 74 49 77 85 68 90 2 67 10 6 54 93 31 90 71 88 90 84 24 
30 10 91 7 22 1 35 32 90 83 51 86 79 19 91 52 64 57 86 25 34 24 81 79 49 5 62 90 39 22 35 42 6 54 82 87 64 49 60 92 31 92 76 2 72 74 89 65 66 46 7 18 18 51 18 17 25 89 8 40 35 29 2 91 42 7 89 47 36 61 15 58 58 35 27 29 8 81 12 43 42 33 16 28 52 36 67 57 44 69 94 53 20 67 
42 91 91 43 2 84 3 43 83 19 29 24 72 32 91 15 68 75 87 75 17 64 63 15 91 83 67 44 11 24 63 56 29 52 74 19 38 34 53 25 14 58 89 27 44 88 66 16 40 67 87 7 49 61 38 73 6 25 57 4 65 42 78 40 23 77 19 79 63 26 9 70 5 18 44 2 5 29 27 56 89 8 4 59 48 6 42 78 16 81 88 78 33 61 
47 76 25 53 1 77 5 74 87 69 37 90 5 9 5 36 26 59 41 64 16 48 91 73 30 88 92 71 47 2 48 19 32 22 92 46 77 20 72 71 58 18 32 4 11 60 49 68 11 48 35 16 19 74 25 18 9 91 20 6 74 50 22 77 30 61 22 52 88 3 94 70 44 49 52 81 30 68 78 39 36 87 65 32 14 68 14 46 47 5 9 21 47 76 
58 46 5 62 50 32 26 72 46 56 32 25 87 53 40 33 72 14 62 3 42 70 61 94 77 62 57 53 29 59 61 83 49 65 4 82 56 2 34 81 8 3 46 82 5 33 60 16 54 76 52 91 68 18 21 64 72 35 67 21 68 22 16 49 76 24 6 61 93 5 79 90 51 40 12 81 91 90 67 65 21 40 68 54 19 44 44 27 79 40 78 19 9 29 
37 16 42 87 75 31 30 3 43 51 12 73 66 15 27 85 60 14 26 59 92 31 4 13 9 73 63 49 46 46 29 16 49 35 25 24 50 88 85 43 75 27 68 76 11 82 15 17 87 71 25 30 76 22 33 63 68 89 80 11 18 86 51 35 34 85 93 1 48 51 7 4 60 43 13 27 32 83 77 46 13 37 9 54 15 59 86 39 35 50 93 9 67 58 
38 87 26 64 21 75 71 87 35 77 19 4 91 9 22 47 17 41 38 25 60 16 13 56 26 53 14 94 45 74 43 17 9 72 47 85 76 3 91 16 51 65 86 87 89 16 62 37 51 12 4 48 26 73 64 77 73 61 56 40 25 63 15 48 17 19 69 41 9 56 72 6 80 48 12 19 3 20 41 10 90 40 22 81 39 86 89 73 50 19 3 60 19 79 
38 83 4 81 79 88 17 17 4 75 11 27 87 39 91 82 93 39 71 77 85 58 53 42 50 65 29 43 82 11 45 11 50 41 64 85 26 83 14 75 91 51 44 81 53 34 69 24 87 11 93 67 68 5 40 40 88 43 75 48 38 7 84 22 40 80 10 82 19 24 42 11 92 82 73 19 77 14 55 19 12 60 49 18 29 71 74 77 45 9 20 91 66 25 
39 58 70 79 46 1 53 58 2 6 24 84 75 11 83 74 36 66 19 23 8 28 41 90 2 50 84 77 16 2 5 6 94 43 33 31 42 35 19 15 38 84 35 49 52 68 32 68 39 62 50 87 73 40 4 33 86 94 66 17 62 47 81 89 93 76 41 24 17 80 72 13 22 28 22 6 7 65 71 22 34 73 88 20 92 88 20 59 64 57 32 19 60 29 
9 41 43 78 90 91 68 24 63 80 47 20 68 88 14 79 55 13 92 56 21 61 38 44 93 25 89 9 45 89 84 94 5 56 40 66 60 74 68 1 18 27 88 57 31 79 46 61 9 7 44 40 65 48 24 55 50 47 10 33 17 68 38 31 64 68 89 19 43 40 5 17 88 45 44 11 50 22 51 77 58 49 17 93 6 4 56 72 68 86 41 8 32 29 
37 33 26 71 2 78 71 66 81 27 71 53 93 52 21 30 38 37 12 22 29 23 25 34 47 52 81 16 69 41 5 9 29 47 23 74 14 59 86 43 73 13 33 90 65 71 32 84 73 5 92 15 58 81 10 72 61 47 82 65 65 13 80 2 11 26 72 48 30 87 19 54 49 32 63 51 3 35 83 31 66 83 85 84 65 32 22 68 76 31 85 36 65 75 
11 87 57 40 36 83 76 15 67 64 35 42 83 38 30 58 48 13 31 21 51 36 66 73 14 7 18 61 48 55 79 43 43 46 27 72 8 89 86 14 22 71 27 4 28 66 86 37 60 36 36 59 84 16 26 82 91 89 33 72 89 12 51 16 24 1 60 6 6 39 41 69 26 81 14 26 81 26 30 49 82 89 19 48 32 11 68 92 72 66 62 39 71 24 
12 39 63 54 3 29 38 21 83 80 40 32 2 14 91 72 86 69 76 65 47 81 52 91 13 35 53 82 70 12 71 7 48 9 9 13 7 73 2 84 89 48 77 82 36 29 4 92 38 65 74 88 10 65 77 48 26 72 1 19 6 14 86 69 92 26 37 83 18 91 21 27 77 5 49 67 31 64 61 48 40 43 68 70 92 42 15 9 46 42 34 53 86 27 
74 74 93 71 37 10 31 5 52 84 19 64 51 69 48 92 55 44 11 31 22 86 67 21 44 29 67 52 71 14 81 50 39 77 9 94 41 62 68 85 69 77 93 49 89 75 9 47 49 28 67 56 67 32 82 20 74 37 86 43 70 61 80 76 2 70 64 20 3 76 89 72 69 87 4 16 80 67 12 57 78 32 29 15 20 72 3 25 23 40 33 28 22 73 
48 21 3 64 77 82 39 26 29 87 64 24 60 87 15 54 29 30 90 60 16 47 24 51 57 53 26 36 6 89 66 42 34 4 20 54 31 64 72 81 26 65 55 81 73 81 92 63 92 33 35 89 2 19 13 80 18 12 3 6 55 80 41 1 34 50 79 75 67 53 1 56 40 27 14 25 18 74 3 65 39 53 83 18 84 72 23 52 14 73 8 44 8 57 
61 77 34 54 5 51 11 81 91 77 63 44 62 56 42 26 53 34 14 66 34 45 65 84 50 68 9 11 13 44 47 94 30 20 45 20 30 20 14 22 91 21 87 58 67 56 72 2 5 22 1 93 74 43 85 41 40 43 12 93 59 35 75 92 71 8 32 7 76 91 82 4 39 87 93 93 53 67 36 58 33 19 81 72 4 46 57 73 18 47 17 90 26 29 
5 2 11 84 40 58 7 28 94 3 55 29 6 35 78 54 11 45 62 11 58 52 91 86 9 5 54 47 16 29 86 19 10 64 47 34 76 49 1 37 48 13 83 27 83 3 84 65 87 65 87 29 33 39 59 59 7 16 20 93 77 86 24 81 8 83 45 24 27 54 10 18 28 61 27 23 44 6 4 73 94 83 78 2 22 28 81 48 10 78 30 88 19 29 
2 88 30 85 61 40 71 71 11 66 8 93 66 14 82 87 94 16 45 53 18 81 35 70 28 62 1 52 29 62 75 38 56 26 89 51 36 50 84 26 77 31 25 2 76 36 61 15 26 6 47 26 12 24 37 45 67 46 24 11 16 87 45 48 70 56 43 94 17 16 55 3 10 10 41 46 24 26 87 8 51 31 14 20 12 74 9 30 11 87 54 54 44 17 
3 28 79 16 94 41 58 4 94 32 62 63 20 89 67 77 53 87 79 47 65 66 88 75 91 33 70 11 11 42 41 44 50 83 29 28 49 94 13 26 61 65 86 55 18 10 37 35 55 87 82 68 32 42 33 9 90 14 48 83 23 34 60 19 87 9 12 67 88 29 70 29 53 45 67 2 37 45 3 56 80 78 45 61 33 90 69 56 79 88 92 12 33 2 
94 82 31 50 10 77 45 63 2 42 7 27 90 47 61 75 25 70 24 32 24 54 27 29 86 22 33 48 12 90 40 18 25 54 38 72 94 88 17 25 73 71 94 24 22 83 9 64 38 84 76 78 20 70 53 90 28 51 12 32 93 61 50 14 43 47 67 10 32 63 92 67 15 65 86 92 25 67 38 83 75 15 25 84 45 35 62 90 41 68 52 29 70 44 
25 38 63 38 54 20 82 23 6 93 13 77 17 42 86 83 69 12 16 16 55 74 59 62 20 72 49 75 57 65 24 37 16 47 1 54 1 3 51 43 4 79 9 72 32 94 52 26 64 42 57 67 24 78 9 48 24 1 53 71 4 17 21 71 39 40 62 23 64 18 12 50 11 55 27 37 51 25 73 60 68 43 49 7 72 13 54 80 9 92 58 9 78 16 
55 93 6 93 63 74 2 60 60 3 11 81 73 2 76 6 80 16 47 56 70 84 4 79 53 65 1 12 13 82 47 42 54 72 73 31 46 54 35 12 68 16 68 86 60 90 27 24 40 61 84 28 52 58 92 94 13 39 1 35 45 43 59 4 88 87 70 76 74 74 13 32 61 76 84 92 20 62 50 55 56 37 70 26 55 87 38 49 18 89 63 48 12 1 
54 71 2 79 88 36 57 92 31 72 59 74 26 81 79 94 4 23 26 48 33 86 10 65 51 72 36 7 28 28 78 90 91 67 73 44 12 71 40 68 3 38 61 16 49 75 65 2 91 27 10 47 76 49 88 45 21 83 76 69 87 87 28 54 54 91 39 54 85 14 45 64 34 79 26 73 5 51 79 45 82 81 9 48 8 22 68 21 16 37 72 51 90 84 
50 59 2 81 19 70 62 47 12 74 50 7 23 89 21 26 9 34 14 66 39 9 61 44 72 71 61 7 21 33 32 13 93 39 22 60 43 32 2 79 35 74 39 92 27 48 45 45 45 39 18 83 77 64 86 87 32 93 29 12 18 33 58 79 88 33 92 2 31 4 11 33 11 9 3 29 2 26 69 93 68 73 4 6 39 71 70 80 61 51 68 56 92 46 
92 7 49 73 90 26 41 67 43 17 59 69 63 46 14 31 71 18 27 1 2 89 20 13 86 63 42 27 91 55 4 23 35 15 9 81 19 87 56 92 12 53 33 69 36 28 44 69 77 32 29 92 79 7 4 19 33 85 50 40 1 29 86 73 50 32 23 44 21 4 72 65 68 48 34 45 14 24 32 7 18 87 49 17 23 58 67 2 87 41 28 4 21 22 
10 44 69 92 68 12 10 47 93 37 10 94 54 24 25 27 66 22 17 51 26 37 1 9 89 80 65 36 94 82 75 78 84 79 47 12 59 26 84 52 55 77 5 1 75 4 8 60 65 23 68 34 67 18 45 23 67 89 67 78 60 19 83 48 13 75 49 22 19 91 35 52 59 48 25 42 24 75 74 26 36 49 30 36 70 34 57 14 52 19 73 41 29 89 
61 24 14 61 38 75 66 53 83 92 81 27 2 49 41 73 29 45 63 39 78 12 32 49 41 14 24 37 13 56 70 67 52 81 68 91 43 93 38 1 58 92 44 61 7 87 50 48 32 10 83 83 63 27 65 7 58 7 18 38 20 68 67 13 48 9 83 17 80 72 79 55 61 75 74 76 35 59 74 11 12 23 29 6 32 40 85 2 15 71 57 49 20 92 
22 82 38 13 81 66 34 41 64 39 92 44 60 78 87 18 90 13 66 14 23 47 28 7 50 40 43 16 79 49 85 87 92 2 69 13 21 53 64 48 56 39 72 14 73 2 33 40 2 34 38 81 35 92 62 82 18 91 56 65 72 81 80 55 92 36 48 4 13 57 37 11 18 33 77 48 60 75 70 40 45 72 84 49 92 42 65 46 53 55 72 55 32 69 
57 65 84 57 29 67 67 48 71 81 85 87 58 18 59 50 27 49 8 78 77 84 19 94 46 54 42 35 75 86 25 61 58 65 76 5 90 15 86 91 61 64 6 7 73 42 76 62 74 29 59 54 50 27 20 92 92 64 11 19 67 46 22 88 23 65 13 11 81 63 12 75 78 53 24 46 27 19 31 11 12 39 85 64 9 26 53 89 52 45 3 68 71 87 
1 65 78 71 55 84 93 15 9 52 51 24 3 54 94 74 56 89 29 17 93 64 27 93 25 2 75 44 14 29 29 94 46 5 28 65 89 28 81 78 60 24 94 60 88 65 40 28 40 25 67 56 35 82 30 11 90 72 34 71 29 65 62 46 77 39 8 74 43 48 13 1 68 53 59 3 63 48 65 71 57 6 43 25 43 86 72 47 92 73 82 73 46 11 
67 94 83 8 22 6 86 3 13 88 28 56 66 19 20 17 72 35 69 12 31 13 32 35 31 74 76 68 42 14 94 4 86 85 20 78 8 42 86 52 63 54 31 59 82 46 78 25 23 84 37 83 28 8 16 62 65 28 2 51 4 87 57 6 74 33 79 1 79 68 82 3 36 17 53 24 33 42 94 9 52 21 36 51 31 44 29 6 75 21 94 91 75 51 
77 55 33 71 67 63 24 5 19 79 49 73 18 69 15 79 94 57 63 12 7 50 48 75 38 3 3 57 45 3 9 52 86 45 7 5 42 26 94 42 54 38 69 70 93 44 35 69 86 72 5 72 9 84 11 8 39 6 12 8 39 26 3 14 65 14 53 51 63 84 83 15 48 53 44 60 85 70 36 73 32 68 80 92 6 77 18 68 85 13 13 88 27 54 
23 59 44 89 53 42 38 68 41 69 64 3 16 4 79 69 61 16 71 72 37 72 94 30 63 38 9 14 14 66 56 80 90 77 17 51 74 58 35 73 71 18 75 27 37 9 53 73 82 54 20 62 64 3 83 92 24 66 92 31 41 68 6 68 77 8 42 85 74 25 50 63 81 32 42 52 46 55 67 53 20 73 68 53 34 1 90 80 48 9 89 93 51 32 
89 15 92 55 11 76 22 9 56 94 41 51 65 84 7 63 14 56 64 50 25 47 63 52 84 39 9 12 34 4 68 8 59 63 91 77 74 67 57 37 1 11 52 93 39 33 43 5 23 91 65 48 79 60 63 67 64 30 58 62 35 21 14 29 42 11 73 28 57 50 84 13 34 37 63 12 75 24 62 51 47 30 12 11 81 49 43 72 85 67 21 16 8 23 
47 41 57 35 50 24 86 43 69 8 65 11 36 68 55 56 47 32 35 88 88 73 87 43 93 34 75 45 59 84 66 70 67 56 52 28 51 31 64 56 49 28 87 73 81 58 14 79 12 23 57 43 61 84 51 79 55 86 18 18 8 18 38 21 6 42 48 87 67 34 63 57 66 91 53 24 15 76 51 75 15 57 16 48 86 15 75 57 28 8 54 83 24 19 
39 6 29 66 35 42 89 21 4 39 3 16 5 1 44 79 16 73 68 88 34 47 60 4 9 50 82 64 73 15 15 45 59 10 78 50 89 42 71 31 12 50 77 71 50 8 46 58 17 3 17 9 85 64 75 56 32 92 67 73 89 2 28 84 53 11 79 65 70 35 49 42 38 3 64 89 17 5 86 37 64 57 13 49 27 10 75 3 42 14 1 87 75 92 
46 54 9 67 34 3 60 40 13 26 17 32 88 87 29 14 22 40 77 37 50 6 21 24 1 16 15 93 80 67 23 19 36 36 36 15 92 67 74 18 57 30 83 85 33 68 56 77 92 77 90 60 35 43 71 7 48 34 69 60 43 6 9 81 11 72 52 44 43 76 36 19 35 88 24 65 82 81 34 15 7 57 38 94 78 31 66 12 20 86 37 83 73 25 
24 23 13 63 87 66 9 18 53 37 25 64 72 10 53 47 65 33 49 8 52 57 40 38 53 87 75 84 89 32 11 34 81 66 8 67 82 37 7 28 31 86 46 30 11 12 86 25 62 41 39 34 78 60 67 48 59 45 50 65 57 25 60 66 2 42 6 32 33 17 77 84 31 63 30 82 69 14 67 72 51 64 48 62 62 20 52 31 90 26 6 19 38 38 
64 79 46 40 12 75 3 19 36 66 73 77 93 69 53 88 62 28 26 73 63 25 71 3 70 85 69 35 31 50 25 54 58 68 37 33 29 53 88 28 43 57 63 8 77 44 37 24 93 56 36 32 19 35 24 47 27 73 3 86 74 29 16 73 53 6 85 60 88 15 58 20 82 9 1 44 18 59 73 55 34 16 89 44 16 39 13 41 50 43 2 32 44 72 
45 94 54 81 57 92 2 61 16 37 27 53 76 67 50 51 58 53 33 16 7 13 4 79 9 81 75 38 30 48 84 31 49 30 47 54 89 89 46 48 28 94 53 30 11 59 58 41 36 48 50 81 90 67 5 78 78 61 69 76 41 26 86 5 66 73 42 34 16 8 37 8 66 25 54 23 7 68 78 80 68 32 64 79 19 9 76 57 61 51 22 83 85 31 
33 68 45 94 78 85 73 3 77 80 47 27 40 62 65 68 66 22 2 83 54 57 81 57 40 20 17 40 13 72 14 91 31 44 89 71 14 92 73 51 25 59 56 37 43 58 40 12 52 68 79 64 78 86 51 90 83 6 56 39 52 54 7 21 4 17 16 86 63 82 75 85 9 31 64 28 10 26 68 32 49 61 44 52 53 81 16 21 83 2 61 42 14 19 
23 77 6 44 48 15 47 80 87 28 67 93 44 40 92 32 5 81 4 54 60 35 44 46 7 75 65 15 73 10 26 86 9 18 83 47 93 64 14 20 6 39 53 16 27 74 52 4 92 77 35 12 40 5 75 41 20 82 46 6 41 56 33 30 32 40 46 90 23 54 15 87 26 55 60 78 41 20 57 61 24 82 88 9 78 53 83 43 7 15 84 44 78 22 
27 57 34 78 91 63 17 85 13 40 84 45 33 41 59 32 15 68 1 33 7 64 93 1 58 14 82 94 33 72 51 90 15 66 34 93 46 26 58 71 78 18 19 42 39 37 13 55 81 84 77 63 11 21 57 22 38 49 8 85 27 44 54 32 4 60 17 37 53 56 34 69 51 26 1 19 13 68 21 28 14 84 12 32 4 10 10 30 6 56 48 86 80 55 
27 89 10 82 12 23 49 35 51 39 10 37 38 85 86 15 87 83 4 30 7 57 73 24 5 31 26 9 88 71 5 25 77 17 67 6 31 15 92 24 12 65 1 8 19 13 91 48 18 52 20 22 18 4 73 50 68 79 50 11 87 78 66 34 58 41 76 78 90 11 93 70 46 27 66 17 59 53 26 37 10 14 92 36 57 30 14 40 73 78 27 20 67 44 
16 67 37 64 48 43 49 21 74 71 76 31 52 93 30 49 65 65 22 72 70 36 69 2 51 85 52 41 32 71 22 47 16 45 79 77 19 23 25 6 73 74 22 40 93 80 27 3 65 92 40 93 16 83 53 55 39 88 64 81 21 45 82 54 81 39 78 29 33 32 11 52 21 9 78 14 17 14 8 45 80 10 43 4 75 45 69 31 75 75 83 48 30 37 
25 45 74 19 42 59 25 56 33 87 26 15 19 10 65 75 74 36 28 68 55 85 6 11 79 76 20 58 36 21 62 50 1 57 14 54 58 18 18 71 2 70 11 58 57 64 87 43 10 53 66 76 4 11 59 82 11 89 66 68 18 51 78 45 92 20 56 72 18 46 87 42 17 94 17 24 69 67 25 7 8 76 12 31 29 56 49 57 75 74 90 77 7 44 
87 82 28 31 8 49 89 67 85 69 38 50 69 45 15 25 62 16 27 16 7 93 81 71 24 58 64 9 15 23 7 11 45 92 33 74 50 32 2 61 39 23 90 78 48 60 84 88 27 33 28 15 31 69 54 31 13 53 74 50 84 5 26 66 64 51 39 21 90 21 88 24 21 84 21 5 54 29 74 49 22 19 2 58 28 13 24 19 34 83 3 1 4 55 
8 38 58 30 60 87 5 93 9 40 55 11 38 21 5 13 86 88 38 45 94 52 48 78 45 86 90 58 73 81 24 87 11 35 33 38 18 55 42 39 12 41 42 22 10 69 50 10 92 55 55 50 33 49 29 86 64 77 76 72 52 94 6 17 10 40 56 25 48 80 56 53 16 85 54 93 44 25 55 28 61 27 88 46 5 37 82 12 36 86 22 44 12 67 
